program id;overlap
4144;22
4439;22
14567;22
15919;22
20893;22
36537;22
37143;22
42996;22
43002;22
46841;22
48103;22
49445;22
51178;22
54010;22
69104;22
72437;22
78613;22
78779;22
81083;22
88232;22
94387;22
96199;22
100993;22
112249;22
112886;22
